141.30357346 139.71887929 134.36050379 141.44974011 95.17088498 48.45881138 0.15914040 95.56406166 48.78068346 43.94969560 10.26925163 5.38319214 4.88680433 5.43397764 5.49441545 13352.07431072 3972.31156654 34.47906887 32.32519512 0
147.45972829 150.28551214 142.49728894 150.70464946 115.62666883 67.53540163 0.70958742 117.65257630 69.69081502 47.40989668 24.27686875 10.61617924 13.66511276 11.58228362 13.77316310 12170.95417278 4217.91199938 38.17029917 41.06141109 0
149.08395399 147.48010524 142.89027816 149.28577204 106.59909135 61.79225736 0.30483236 108.74106980 63.89466760 45.90480224 17.17294296 8.20596226 8.97590751 9.24665674 8.99675530 12888.29021450 4010.47705930 36.96257794 36.15119463 0
144.40157348 137.95289393 129.60743216 144.52886422 106.11425943 57.57912220 0.18317300 104.89360490 56.53131949 48.55003689 16.23851925 7.65779642 8.59071381 8.19039431 8.67710680 11994.43243080 3796.83995281 38.33088196 32.65873086 0
138.79356859 136.13400072 128.49521018 138.79356859 102.19737145 54.15296311 0.48168050 102.01395782 54.14349383 39.71439069 20.53150722 9.98081977 10.55357580 12.20200978 10.88873137 13718.99930506 4011.61249730 35.77289801 36.63757952 0
147.93518338 143.37175901 136.61887097 147.95438190 112.27702656 64.99366778 0.68019390 113.00424372 65.77563313 46.37599726 15.09686408 4.50547721 10.62650460 5.03795084 11.08914622 12224.00180951 4005.41844468 33.82021761 35.13190857 0
149.15995813 145.16867213 137.33846497 149.18163941 103.44565945 55.92319425 0.00409389 101.25886587 53.78850806 39.75471841 13.90715524 7.03175969 6.88507275 7.44883365 7.19424619 14298.98722734 4194.43243988 36.11299041 32.53251477 0
151.93052431 147.18946136 141.89929237 151.93052431 101.50513983 56.11235903 0.48925089 103.52242584 58.20216503 44.06684714 19.33900102 9.29123852 10.05657031 9.65857270 10.55263741 11318.51988233 3785.38553805 35.23164080 36.58161058 0
145.62359088 145.39582396 140.41745393 148.99710902 111.41997643 59.73138478 0.61658327 113.94540622 62.26212810 37.60185091 14.30918787 6.13654064 8.17279103 6.60237401 10.22072165 17912.66758329 5015.87539372 39.30434432 39.71644009 0
165.19737511 163.43035702 157.47900809 165.27336437 105.56806408 55.66959473 0.00330726 108.20802175 58.42244000 49.64484284 18.97976008 8.13063753 10.85790812 8.51385739 10.86307411 19589.96912439 5120.97912700 41.47022053 39.75213275 0
146.74225353 148.49178931 140.46644313 148.94365556 128.07746481 71.79693566 0.35849017 129.03432847 72.76038059 47.88593467 17.04521135 6.96060643 10.12649558 7.23238874 11.30725798 21874.43305228 5608.12970770 39.36669115 37.39473495 0
156.49405653 157.86663087 151.23173220 158.30572176 121.74839672 67.58465983 2.18049813 124.69188194 70.46844376 46.25139427 24.12791229 11.53809047 12.59857651 11.80028740 12.70682671 15722.80383317 4551.96304579 39.32739126 29.94061677 0
164.85173602 160.35324706 154.51261174 164.85173602 119.49425303 67.16026053 0.58186846 121.97451612 69.53131487 55.83390581 17.36479255 6.08711813 11.31625303 8.19340741 12.27310961 23202.01487420 5428.19637096 45.76456226 32.83710859 0
152.06675538 151.28383629 148.33470194 152.33776460 104.11527302 55.18838605 0.46641897 108.08668462 59.16659201 52.61841546 14.93754081 6.82000102 8.12244398 7.51501307 9.35138494 14373.75558541 4194.19783680 39.50597400 38.11287921 0
140.38328405 137.48896638 129.43048688 140.38328405 112.61794482 61.08127884 0.16507195 113.49027064 61.94680101 42.52943659 13.43721509 4.67669445 8.76081519 4.32143280 9.82612951 13712.95405684 4164.10408447 32.94408086 33.30395215 0
155.24488126 149.05409105 141.57408419 155.24488126 106.32453379 55.14313642 0.20265250 109.61457495 58.44139948 54.14739404 14.45535921 5.27458536 9.19066132 4.74061155 10.28645454 15257.84131629 4571.71944192 39.44970381 30.07097927 0
145.07454461 143.72894404 140.59875970 145.06378926 98.44621895 55.48987420 0.56122366 99.32043022 56.56096268 51.72655421 13.32344494 6.13609378 7.20518824 7.61245145 7.36238817 10574.12557630 3962.85517548 39.26229993 28.90908289 0
149.99765773 147.82851960 139.49313464 150.55193730 99.49701824 54.07267304 1.02404951 101.17242726 55.87075497 47.33197774 14.65913852 4.06552188 10.59744491 4.61742047 12.05334692 14710.02770423 4268.73246376 38.50338788 33.24431140 0
152.59945732 150.41530884 144.51563625 152.59945732 106.86962146 62.86824770 0.04082762 105.33010993 61.35775091 56.17238958 12.98450915 5.15867547 7.87192360 4.88100068 8.01309927 14009.74046662 4275.93408174 43.61457396 33.55109342 0
144.38209433 140.71664587 136.35109056 144.38209433 109.62219918 58.90355991 0.62077045 112.69962966 62.00621111 56.11165771 14.27919271 7.09781349 7.18282957 8.36242748 8.32670576 13886.09083258 4507.90236422 40.54554550 27.73940754 0
146.36316846 146.32190697 136.84615748 146.92787651 106.57685090 53.67909464 0.79494253 107.32876863 54.51178658 52.44158066 15.75167515 7.86242595 7.89687410 8.58851430 8.40146475 18398.86217654 5098.88717500 34.17732046 35.83947972 0
152.69811333 154.10390160 149.86462645 154.16623371 105.57339756 57.25247413 0.59294794 107.59592696 59.26122810 51.60752140 7.53356413 3.34787816 4.18920429 3.77766993 4.45239851 13169.26291562 4117.52916422 39.97433461 32.56297219 0
144.53780367 141.96986079 136.22564269 144.53780367 102.09131510 58.64424574 0.06028061 105.30529828 61.85772366 47.29052438 14.97663995 5.08229515 9.91331112 5.71494439 11.01002936 10616.32608446 3604.02790876 39.49579767 36.54677068 0
147.52323452 143.87307695 135.45524442 150.30559932 108.66830332 65.34669993 0.08925986 111.19047164 67.61796632 52.20901149 14.54291679 6.58541984 7.95781498 7.28977969 8.68286100 11300.29681626 3896.11241909 39.28583742 27.05335023 0
159.67439356 160.87308821 159.30766212 160.87308821 107.52667416 60.03394229 1.00409248 108.22926318 60.73462377 49.85045860 15.04437054 5.52562905 9.52198404 5.18672697 10.74625787 14102.34629729 4190.12006893 44.37264401 34.48794647 0
151.89388417 148.08127015 139.11163010 151.89388417 108.92892332 59.72023307 0.21882981 108.17783910 58.97216975 53.54374877 16.57846223 5.99509740 10.63276510 7.33012823 11.00117630 15196.53607917 4538.11436139 40.86044867 35.64373721 0
145.02428042 143.46801810 137.72908622 145.22554883 101.79666448 52.64473851 1.13588542 104.25444382 55.08163153 55.66582482 18.52160061 10.12989707 8.41133205 10.83484519 8.67239309 15631.16655458 4467.67346319 35.45279773 32.16369274 0
146.69498842 149.90277590 143.37233514 150.11132016 115.02694027 64.78714748 0.68291604 113.37904447 63.23990258 50.59903743 16.22077316 6.19249500 10.06779047 6.93095627 10.98602178 15252.65766473 4388.79039120 34.36536411 36.61457354 0
147.25963571 146.42014286 138.71589954 149.58824767 111.44803265 60.88092844 0.97909223 110.96515009 60.39696093 54.61098471 13.65808623 6.39645821 7.26860449 6.87364101 7.88392442 14334.50232414 4336.90362567 39.67249379 32.96456586 0
168.78441896 168.06348798 161.69835914 168.93415215 124.97024996 68.74784125 0.40965891 124.95446419 68.72911698 53.23441331 14.65364948 6.27300287 8.38092044 8.38177386 9.39000945 25052.83504765 5964.26304962 41.32767236 34.91795209 0
160.80560562 157.95548684 152.22538147 160.80560562 116.27781831 62.65862459 0.40779387 117.77609216 64.16983942 51.74931315 15.73983270 8.70226047 7.04353205 8.72010943 7.76338852 15275.45465804 4537.75154809 39.75505046 31.70237988 0
159.84720801 153.55873196 146.42935693 159.97923700 113.22760344 63.52921301 2.15193862 115.52289812 65.66142399 53.87069836 17.21168457 7.52827982 9.68486129 7.91518798 10.85364674 20458.20279767 5293.20608668 39.90786413 30.96898962 0
154.84705393 153.36210882 150.02638772 154.85471908 117.74293489 63.95920549 0.38830790 120.15063340 66.57022003 55.53783262 14.56149989 5.67598006 8.88568366 6.62966731 9.21089847 19899.89849849 5455.84660581 45.67510868 34.74619216 0
154.16824596 150.69801956 146.01785708 154.16824596 117.68097487 64.57520352 0.03714118 118.45248476 65.34268447 55.26676878 7.61770944 3.62868161 4.03430350 4.42826968 4.22693722 21546.56264573 5650.23616411 42.26458560 32.71775541 0
151.14010129 150.55470866 141.73522614 152.08983954 109.12984125 60.42818912 0.67814739 112.94133700 64.35764414 55.07859199 12.03373382 6.44935627 5.58465050 6.31659347 5.60010704 19484.73775520 5169.70987896 42.24522961 39.82976269 0
153.25849410 152.92097928 146.70733608 153.34992095 107.62171418 56.02104188 0.32079775 108.71851251 57.09478563 55.89970710 9.40774442 2.59275572 6.81519564 2.79640468 7.29400349 20126.51832148 5212.23560982 40.54516395 36.87444156 0
160.66597611 157.99998359 149.16117665 160.68832479 109.16180134 57.93363808 0.42166174 113.38854272 62.40853342 60.60379096 17.58232521 7.89393291 9.69494404 8.30988811 10.06464270 19060.08572139 5587.67444026 44.63639118 32.06454654 0
154.63485587 153.12354489 145.30663832 154.73431588 113.43236859 65.20481126 1.48170522 122.66612263 75.24151845 48.18846364 28.87172706 12.40738977 16.46827003 13.37227970 17.02159628 20567.05793123 5336.66584432 46.85275376 47.26606648 1
152.31975015 148.17272702 142.42821878 152.31975015 112.07965690 67.52172240 0.73115522 110.87563552 66.47247654 60.77434943 26.30852469 10.73781231 15.57522087 11.07416605 16.20335337 18880.59335770 4782.36033878 43.64708098 45.29335910 1
139.22701223 141.03203931 134.96322070 141.80438312 113.91783305 62.92880949 0.71153534 118.07911870 67.12952322 54.79259194 17.62978341 5.32972265 12.30702894 5.77929763 13.59572184 18738.81063216 4809.87964234 42.02013191 38.21339656 1
159.80954446 155.64917577 146.90448741 159.85136469 118.67325144 66.55563549 0.04448874 121.80499142 69.65584915 56.36748497 17.81224924 6.92264691 10.94849805 8.20228652 11.34314467 17585.21448084 4806.28459178 39.91530796 33.36899686 1
160.02008276 158.82498299 155.03917007 160.02008276 123.22552952 69.69992269 1.13931310 124.34269502 70.88034531 58.52843897 24.04903991 9.54819546 14.50938659 10.10672020 15.23080930 34340.67213951 7190.11504050 49.84724614 44.48434682 1
160.95240677 160.30388313 156.86971321 161.92802171 127.91072377 70.20020533 0.76691514 126.75490085 69.11230480 69.20161529 19.91242420 6.62622433 13.28718614 6.41826718 14.48418100 37538.73311607 7636.89380891 56.50515254 36.30447551 1
144.95579934 146.92368015 145.92049983 149.12344215 114.15787915 61.84497788 0.18816105 116.56326791 64.26704487 56.84353806 17.54753772 5.96375573 11.62710757 6.68697598 11.61433450 20987.37321046 5528.96012898 46.94644433 36.86645437 1
169.21077439 161.17066706 152.48263740 169.44566073 121.13012092 63.53405404 0.32056188 121.64323724 63.93406555 61.97758728 11.34991313 5.45435016 5.89824477 6.00338777 6.69978432 29882.13646153 6554.59594609 50.44878918 35.03937704 1
166.63187338 163.36658384 155.65578148 166.76064623 113.55206271 59.77839554 0.28415002 116.58133902 62.75497911 57.53375019 18.34439214 7.73640875 10.61767412 8.19614858 10.85527674 27407.97953673 6437.49740166 48.00180301 38.20465302 1
154.45174797 152.13671805 148.22957776 154.46445655 113.74127431 67.24516459 1.92380662 113.82917893 67.37884666 48.52351491 20.56051082 7.49472731 13.07682117 7.99358011 13.32104571 15108.80951439 4587.42945353 44.97843872 37.93398311 1
140.84327892 145.73097369 134.58586898 147.20976608 120.63106701 66.68093566 0.07551643 124.19253089 70.37079697 45.19282184 23.69651671 8.41572409 15.28097559 9.35092507 16.24711789 18857.35166422 5046.08178161 37.82158078 44.26976472 1
166.88954167 162.35229263 157.33289342 166.97035561 111.48726731 60.47825874 0.55048034 109.48771126 58.52154273 51.92217423 15.11317738 5.67029157 9.45126027 6.24870005 9.25301062 27416.49344547 5841.36524503 47.79708030 41.16269570 1
166.53574620 157.58596355 147.77289503 166.64590329 139.19560221 83.22684063 5.96486202 138.53393124 82.97148938 57.59589313 26.09368768 5.62375345 20.47742677 5.77707812 22.76478949 33807.32656928 6761.38292061 46.01908566 28.21694580 1
161.84679484 153.42669325 141.03706588 161.86403695 133.98561493 83.00794915 5.14465438 136.41836895 85.43789378 50.03508290 19.39011347 6.91463711 12.48704845 7.28198762 12.91976936 19243.42549044 4697.54643177 35.62725893 27.82713844 1
148.54324468 146.79975033 140.93541317 148.57233234 106.37097176 58.46038532 0.35405300 107.16381576 59.30416165 51.10714895 15.37135821 6.61057321 8.78212830 7.63818703 10.06389280 16127.07761811 4600.18854223 43.13804821 29.04640697 0
145.66782484 144.39849440 141.78713689 145.66782484 108.85230585 64.50340788 0.38398414 107.74768445 63.39834077 48.61733390 15.42194794 6.44396144 8.98493694 7.31963392 8.06082715 9894.46248153 3741.08781266 37.49832259 33.30031756 0
161.55109774 157.28684961 151.37561174 161.70184814 128.20826558 70.66143343 1.85080360 128.04606252 70.69699828 62.80147088 19.35594263 6.22046152 13.20295266 7.11756550 14.41178977 31013.57811074 6648.47479964 54.63726209 34.12982153 1
147.64546859 141.14437616 134.18136319 148.30982155 112.15532005 63.21257960 0.09803356 111.92432151 62.97444698 52.11761715 18.36671895 7.92084286 10.44945740 9.07973317 11.20302386 17696.88688668 4784.86236817 40.01853443 39.28307313 0
153.51647482 145.08747474 136.47534700 153.51647482 107.36860941 59.63105820 0.34147809 108.12128748 62.68682836 47.56466602 21.23610600 10.18623102 11.06022915 11.24276575 11.89018259 14577.49191442 4168.55325391 42.97554757 37.46896449 1
152.81990351 149.71956098 144.38620530 154.33253955 123.47331004 72.57052420 0.83063789 123.94867951 73.09943656 57.70059131 25.34386200 10.59444823 14.75191942 10.71683854 15.20828061 15193.13206529 4756.63842457 42.40602616 31.30843572 1
163.97113836 161.91881555 156.59446183 164.00805094 105.90025693 61.67093850 1.13121713 106.13724433 61.91724053 54.83062457 16.60582120 8.55649705 8.05818924 7.96191651 9.64642940 19527.77670264 4953.24979461 43.31976696 42.90799901 1
177.96462373 176.57207403 170.24548463 178.22277084 130.85107832 70.57568536 0.39793832 132.13735018 71.93843361 59.29005187 27.45216582 13.17486626 14.28968297 14.35015891 14.26826067 45564.42754005 8033.23577283 56.85540523 38.89140693 1
168.56134243 165.21372404 159.98016338 168.57523108 116.39640547 65.87976141 0.50973427 117.52785501 66.75875057 60.75139465 22.24773964 9.47211354 12.78339490 8.72417109 13.56739728 23169.29971214 5660.07803455 49.36263835 40.75280988 1
146.33100030 142.96968779 136.16443703 146.33100030 108.21208308 59.15018234 0.38301123 111.87335445 62.77762435 47.46249528 17.81923396 9.74373412 8.07584510 9.19184135 9.05528224 17165.91612690 4693.90362251 38.57935284 37.97233036 0
149.09913780 148.33477975 144.73592921 149.21235517 109.60876320 63.40897097 1.03027384 113.47177465 67.28453862 55.03568135 15.84056994 5.89163791 9.99376106 6.36683149 9.05326787 12834.09728964 4118.96700268 36.53328257 35.53087059 0
160.46421534 160.42756673 156.76091202 160.94091161 114.34082503 62.92350426 0.13612142 114.69917024 63.29289110 57.17093616 19.30422842 8.14362218 11.16272827 9.69514390 11.68380925 16119.06126016 4850.86481890 45.30225944 34.96025246 0
157.32546869 157.16078814 152.26395136 158.04393996 108.44269560 62.43676691 0.62700469 108.91217286 62.97981120 48.15987602 19.81852975 9.74828090 10.07229100 10.01095236 10.69620720 13546.41662869 4209.59499734 37.91887438 37.75739259 0
149.07058510 147.26695748 140.90988555 149.23552984 109.18132478 60.96137500 0.16940648 109.92315949 61.76231243 52.36221598 10.74638496 5.67275112 5.08327141 6.05626683 6.15181765 12759.83437840 4171.36473982 36.40038340 33.63397559 0
161.70171206 155.12203216 150.90601862 161.70171206 116.07103176 64.00078217 0.38613068 116.12637233 64.06512723 55.45220784 12.85673628 3.82963313 9.03324652 3.96979036 11.85363392 18428.52148684 4931.05832851 42.04366156 32.04478707 0
140.55951851 137.95916144 136.83885316 140.57997146 111.60150723 67.64033055 0.55880323 111.66155684 67.75611510 51.39238475 20.14087592 10.09148469 10.05300396 10.64250481 10.35462629 11680.63163039 3786.55280310 38.40397545 36.39249042 0
152.80479308 151.24327970 146.31020295 152.88452205 112.16918912 61.72144228 0.80065372 112.18022391 61.73466181 51.82885905 13.17200035 4.72708492 8.45760611 5.56488988 9.60788918 17137.44373354 5009.55710570 42.70940763 38.22953066 0
169.27722378 165.91130223 159.05121231 169.27722378 116.77597417 64.52480725 0.45190545 120.26770002 68.02129681 61.37830498 14.73915070 6.64871680 8.09702578 6.91714265 8.94795285 20725.94357318 5209.95262875 44.65181700 30.74412586 0
150.21113546 145.49343513 141.74051768 150.25280889 107.74343503 60.02359646 0.39268076 104.97983714 58.20501248 49.38793702 13.13479040 4.74571044 8.42223558 4.12320522 8.59313168 18722.29936455 5104.98039227 40.47321649 28.97493153 0
156.91495374 155.22849365 150.25502941 156.91495374 106.54807926 62.18902348 0.36461344 107.39945951 63.12154689 53.87128848 15.16632748 7.04124547 8.13265886 6.75797327 8.43622829 12835.21479792 4146.45465448 44.00646943 29.18711304 0
167.66777729 162.76951643 156.45247169 167.66777729 116.45303281 63.43093877 0.76506854 115.17014402 62.16213051 49.30317430 17.63673877 7.68130671 9.97382001 8.36873432 9.27819414 18620.74052028 5208.51305568 42.67197568 33.38328851 0
160.73068554 159.57478012 154.61792793 160.76351101 110.85870063 60.53411808 0.03082985 113.00645595 62.61664516 59.78210634 14.13559266 5.33154986 8.83561612 5.49001896 9.31460689 19812.14259949 5230.78302974 40.19028453 37.53838001 0
152.02490524 150.55706068 142.34695794 152.11872057 105.90015983 61.37352180 0.19352556 110.21424238 65.80545526 45.60573331 18.66792737 6.86482341 11.80751370 7.48282603 13.27455509 12834.52380976 4040.82573191 38.63368798 36.59477175 0
156.68665026 157.40568777 152.88532194 158.17113770 116.77894181 68.63345274 1.00996538 118.84387930 70.72204752 50.28494845 18.65699188 8.49998186 10.17164659 9.01005203 10.55607163 16204.06227434 4736.76710113 40.11477158 36.70626852 1
148.42953639 144.84476161 141.49363677 148.56533332 105.83332181 57.71576433 0.61377368 107.61492657 59.40198854 48.16227750 15.16877160 5.99500640 9.18933107 6.91269678 9.20151441 17100.20896664 4797.06082850 37.37848326 30.34650846 0
157.37787837 154.09816708 143.55708820 157.54960460 103.35274514 51.42987440 0.01789532 105.93783782 54.12717522 53.23465256 11.65398070 4.78335218 6.90155814 4.13089820 6.86257480 14349.79974523 4599.22194564 36.93973383 34.98643060 0
150.08156566 146.75758610 137.69333353 150.15186124 107.32580738 58.42731619 0.30256022 106.75530181 57.84777663 47.84883059 14.46486303 5.81817506 8.64677193 5.91145864 8.63623422 16024.75794585 4467.00454283 38.15010724 35.04115139 0
164.53042106 157.60052568 152.56601195 164.53042106 130.66752155 79.18983494 1.45463437 133.64273626 82.17922577 54.48581173 19.78278239 7.74616061 12.03662235 7.99645877 13.17684176 24503.43815268 5600.04017892 42.76281389 37.79076359 1
139.58092563 140.56604753 135.04060163 140.72430890 120.09781219 75.41058345 2.00698858 119.39166077 74.64943583 49.61179306 25.73061190 9.75639946 15.97421613 10.99681515 17.49729170 15967.60931088 4477.01911670 42.88864378 42.80848786 1
157.55893214 150.62472921 144.29304237 157.96027539 109.84466499 57.58699522 1.47727428 115.12508694 62.82782144 48.01012718 18.27810134 8.56002655 9.71831729 8.94954222 9.25453088 21196.61674216 5246.22520181 37.50373759 36.50278313 0
144.87553761 140.48057029 136.79413803 144.90218098 103.18122479 56.47631849 0.37814883 106.40816990 59.71980980 48.92798649 15.19717258 5.33445005 9.88809478 5.34692843 10.13570215 13717.98122591 4107.24921162 38.96478085 33.77128538 0
171.61835006 170.86492882 164.61660093 171.64545800 121.49505002 68.16181285 0.60137972 121.41584446 68.23053341 49.84595550 16.85207880 6.75250841 10.17553703 6.85331134 10.39078903 34340.97731390 6877.47259945 47.18669075 42.72794951 1
149.97574361 143.46522492 134.05089406 150.26929265 105.26399600 61.89527808 3.29819889 112.41985167 68.54442419 46.93200953 29.55971757 11.86657509 17.69977197 12.35162280 17.22265502 14602.46022247 4174.52258424 38.41550385 38.75765606 1
158.91675753 159.86861208 147.76436110 163.91492897 131.46385721 68.95848814 1.41694808 133.90181302 71.39058421 56.15988982 23.64003082 8.87188127 14.77387826 8.79348025 15.48427017 30755.20723568 6935.99166333 49.18841178 39.37117708 1
162.23257862 162.01060431 157.29098604 162.77927071 123.83984461 71.11184332 0.88751946 124.01900683 71.32335169 52.39123663 20.60851955 9.21943145 11.39467155 10.23434909 10.86107420 24531.62075893 5983.41852958 44.22686338 40.68716486 1
163.05556807 157.64024972 147.39857857 163.13117277 117.33573144 62.17853620 0.48771145 123.61205231 68.47646806 54.10845316 19.19689847 10.06591807 9.14500974 11.63956464 9.50399858 26967.77097911 5961.30857046 45.00414152 42.54717299 1
151.09124338 151.85443755 149.50599968 152.36452590 120.63803955 66.59365257 1.03945276 120.11612598 66.11906263 55.56451342 23.32851088 8.99365261 14.33609330 9.52594209 16.03753318 23824.42825529 5592.76118170 46.17161722 40.68046013 1
152.19361257 149.29113865 143.42641855 152.19361257 116.23323043 63.99568692 0.45597767 115.04461552 62.74404439 56.50259933 11.25846159 3.65424666 7.64351206 3.10464002 8.05627160 16342.59958722 4793.65081967 41.69909023 30.85589342 0
159.39179856 161.07300901 157.90476117 161.28053047 126.32504103 74.65731336 1.33452298 124.12417452 72.35168903 51.20612007 21.21713584 9.03045876 12.18731929 10.65921176 14.51885612 22960.30498061 5634.20679442 43.53696819 37.24553987 0
155.20310898 151.40070934 147.44194464 155.20310898 104.49223621 55.36630625 0.70093451 103.82504226 54.77284337 46.73660761 16.14207802 6.74952036 9.41488129 7.05176662 8.94703937 15691.99270520 4562.44450094 38.76320621 34.08618945 0
158.32808693 157.27381239 153.43692355 158.32808693 115.01322009 66.02442286 0.05310371 117.76600009 68.85985623 52.72444471 20.96613403 9.97851328 10.99096258 10.57973614 10.95891602 23142.57700789 5406.98649983 47.06814992 43.15594343 1
168.86215578 161.71758827 159.56615063 168.86329635 119.45661274 64.09823145 0.98030979 122.74942679 67.46958383 64.48650094 22.09259121 7.46543131 14.64714776 9.00715610 16.80074242 32742.24770761 7212.60487934 56.07727876 35.45638444 1
167.78261937 164.97157124 161.79512627 167.78261937 113.98679388 63.89290168 5.40179247 118.68389801 67.86570833 61.08399136 23.84345065 6.40861185 17.44805303 7.50157639 19.46869520 31376.73560373 6328.38954614 52.30886743 38.46697189 1
163.21643725 163.15706994 160.69754601 163.62764127 125.67779247 72.55508771 2.26490350 128.32910350 75.28185002 56.13433033 29.47005462 10.59024657 18.89943217 11.91395976 20.63236526 29842.73114561 6130.99375595 47.08432358 44.13379691 1
150.60848066 147.58506224 138.94832524 150.95139936 116.83029438 67.47328512 0.48306951 116.71221014 67.37443658 53.83875938 23.12030919 11.14519704 11.98389554 12.99811018 12.19049845 23914.67638912 5463.44038630 42.45929935 38.61240955 1
153.06208914 154.96681564 154.35912378 155.17024203 105.15305482 54.83479379 0.61203813 109.51305926 59.21020747 57.21264945 15.43992700 7.26348027 8.17644715 8.04711108 8.16935293 22383.85509889 5462.45112908 41.24927491 43.66177623 1
137.79828022 135.53308044 133.91855056 138.22135885 103.42235964 60.17983249 1.11051226 106.16549884 62.88203181 51.74761830 21.13387780 6.69953479 14.43873383 7.09392713 15.94574890 12377.02409318 3815.55913336 34.05712303 38.70144092 1
151.32914910 150.52821668 145.39967875 151.56488785 109.13644853 61.68057791 2.23103838 113.13023137 65.81680207 48.91064638 28.50151794 12.50204999 16.00044180 13.43627208 17.37609281 18295.23312525 4896.30985004 45.74615426 39.96253964 1
153.67905083 152.09293444 147.82395349 153.69798694 108.13267778 59.46558500 1.36594303 112.17384962 63.55923532 60.28833779 16.19022003 5.00845780 11.18178977 5.05886286 11.90822138 19967.59794345 5273.53542395 46.18247539 42.69543930 1
175.04375419 166.51230841 160.48864490 175.15095668 129.98301895 67.52526188 1.98799117 140.10425860 77.09117137 52.75754425 16.27706863 7.22938852 9.09884510 7.65023736 9.63963425 41800.71812538 7743.77737838 47.15242579 39.29463224 1
161.50411203 160.87442283 152.14019937 162.56050251 122.61771099 71.11666944 2.58134101 127.70842603 76.21523212 49.61416732 19.45778752 8.36240442 11.12881625 10.08042350 12.37169144 23248.04049881 5617.39452062 43.39803134 42.12730808 1
156.57371945 148.62011851 142.73160038 156.57371945 108.09109597 60.04619054 0.15010093 111.30670999 63.21341469 55.63462351 11.79974029 4.79657357 7.01933884 5.23027350 7.26425632 14643.05098080 4252.48757690 38.99097727 33.10867304 1
